   -0.7832181897E+02
    0.9824338380E-01
    0.1045685257E+04
    0.8515458935E+01
    0.1230839231E+03
    0.1045685257E+04
    0.9824338954E-01
    0.3095015513E-11
    0.9611618849E+00
    0.5150190466E-02
    0.1034859396E-04
    0.9241804611E-08
    0.2926153263E-11
    0.2108668589E-07
    0.1993696549E-07
    0.9967163438E+00
    0.8906161307E-04
    0.7916720998E-05
    0.3150525920E-10
    0.3945667984E+00
    0.1190709523E-01
    0.1444022495E-03
    0.1008767821E+05
    0.1458283056E+06
    0.5315593627E-02
    0.9999451894E+00
    0.4809416592E-03
    0.7099634313E-03
    0.9970140456E+00
    0.9973752894E+00
    0.1347838809E-02
    0.8707922656E-03
    0.3303926536E-03
    0.7568682475E-04
    0.7099634313E-03
    0.9970140456E+00
    0.3276260227E-06
    0.1365347560E-03
    0.1284926764E-04
    0.4159481520E-07
    0.1125836551E-01
    0.3730698069E+00
    0.7099634313E-03
    0.2241642311E-11
    0.1162822209E-02
    0.1256884006E-38
    0.3517001699E-02
    0.5820186242E-02
    0.4028509917E-03
    0.4462497988E-01
    0.1256884006E-38
    0.2388726366E-01
    0.6383457308E-02
    0.2494704933E-02
    0.1566017342E-02
    0.1256884006E-38
    0.3311432241E-03
    0.6630784268E-03
    0.3329352012E-03
    0.5827511394E+05
    0.1937417764E+05
    0.8180719286E+04
    0.7560676028E+03
    0.1895233516E-01
    0.8798738911E-02
    0.4990355291E+04
    0.3945573182E+05
    0.1297212650E+05
    0.6773138136E-90
    0.1454067813E-01
    0.5137663248E+04
    0.2242397227E+00
    0.1416091686E+05
    0.1215664942E-02
    0.3748547301E-02
    0.1550280575E+04
    0.2454062496E+04
    0.4961490720E+04
    0.7751082310E+01
    0.3751573542E+00
    0.4975432417E-01
    0.8871283549E+00
    0.7291010491E-01
    0.8252172463E+00
    0.6833060875E+01
    0.6217593777E+00
    0.1178019982E+00
    0.1154790353E+01
    0.1326150650E+00
    0.1033174398E+01
    0.9323436709E+01
    0.9991256083E-01
    0.1410251864E-01
    0.2742253516E+00
    0.6685477519E-01
    0.2183695784E+00
    0.3315563697E+00
    0.4736639382E+00
    0.4093309562E+00
    0.2166680345E-01
    0.6026039427E+00
    0.6026039427E+00
    0.2596146734E+00
    0.2021489615E+00
    0.3669161131E+00
    0.3095020761E-11
    0.8804319642E-10
    0.3300124976E-01
    0.6708371814E-03
    0.5113692519E-05
    0.1732485363E-07
    0.8324272889E-10
    0.1581219446E-06
    0.1495000102E-06
    0.2201079588E-10
    0.3185845721E-02
    0.7909332294E-06
    0.4218044217E-07
    0.2797678650E-12
    0.1041912445E+00
    0.3144285690E-02
    0.3813319323E-04
    0.8652011944E-07
    0.3605666378E-04
    0.3587103229E-05
    0.4078846126E-07
    0.2973058072E-02
    0.9851728586E-01
    0.3668877357E+00
    0.7099634313E-03
    0.9970140456E+00
    0.9210640997E+00
    0.9907993761E+00
    0.2101720059E+00
    0.1110292570E-02
    0.9999828973E+00
    0.2856447212E-11
    0.8870762741E+00
    0.4753216933E-02
    0.9550929800E-05
    0.8529448412E-08
    0.2856456862E-11
    0.2700508538E-11
    0.1946089603E-07
    0.1839988180E-07
    0.2827649732E-09
    0.1059889413E+00
    0.2154502671E-02
    0.1642345361E-04
    0.5564157552E-07
    0.7069123738E-10
    0.2673471846E-09
    0.5078336052E-06
    0.4801430205E-06
    0.5923619535E-01
    0.2006707466E-15
    0.3500385818E-02
    0.4009477443E-03
    0.4592473678E-03
    0.2006707466E-16
    0.2311402247E-05
    0.2413950242E-06
    0.7099634313E-03
    0.9970140456E+00
    0.2270139598E-01
    0.4316526267E+00
    0.1057919815E+00
    0.8085587854E+00
    0.6683267842E-01
    0.2071559446E-02
    0.2853799228E-04
    0.1474282464E-06
    0.2356499411E-05
    0.5775419895E-01
    0.4773762744E-01
    0.1479685318E-01
    0.2038428020E-02
    0.1053058903E-04
    0.1683213865E-03
    0.2844600145E-01
    0.2061388377E-01
